imu_topic: /imu/data
lidar_topic: /lidar_points
body_frame:  imu
world_frame: init_imu
print_time_cost: true

lidar_filter_num: 5
lidar_min_range: 1.0
lidar_max_range: 50.0
scan_resolution: 0.2
map_resolution: 0.4

cube_len: 300
det_range: 60
move_thresh: 1.5

na: 0.01
ng: 0.01
nba: 0.0001
nbg: 0.0001
imu_acc_scale: 1.0

imu_init_num: 100
near_search_num: 5
ieskf_max_iter: 5

gravity_align: true
esti_il: false

r_il: [-0.004713, -0.999974, -0.005459,
       0.999989, -0.004709, -0.000754,
       0.000728, -0.005462,  0.999985]
t_il: [0.328146, 0.002020, 0.108719]

lidar_cov_inv: 1000.0
